0000000000000000
1111111111111111
1111111100000000
0000000011111111
1010101010101010
0101010101010101
1100110011001100
1110001110001100
1111000011110000
0110110011010111
1111010010010101
0011001011111000
0001001010011000
1100001010000111
1100101001101001
1111011011000110
1110111010111001
0110000110100010
1110001010100000
0110111110110011
1001010011011110
1100010010001110
0110101101001011
1011010100100110
1111101011101101
0011101100000101
0111100010001110
0001101010011110
1011101100101001
0010110101101000
0000101000011000
1011111111000001
1101001011110011
1110100100100011
0001100011110001
1111001010001111
0000101110010100
0010001000001110
0001001000101001
0101001010100011
1100011011010101
1011110000110110
1010010011101110
0111101101000111
1011110100011011
1011001101001100
0001000000111011
0100000011011111
0001111101100001
0001010001100110
1101000111111000
1101010111101111
0111110111111111
0011001000010010
1001001001001011
1111111001011000
1101000100100001
0110011010000010
0100111111110110
0000100010101000
1011111100101100
1101011101101111
1010001100000010
0001101011111110
1111100110101110
0010000000001101
1000011011111011
1110010111010101
0000110010000110
1011101101101111
1011100001111101
1101101110110000
1001110010101010
1100011110110101
0011100011101010
1111001010000000
1011110010101000
1010010010010110
0110011100110010
0001011101010110
0110110010011100
1110100101010111
0000001011001101
0001110111100100
1101011100111100
1001001101010000
1111011100001101
1100000000101110
1011111100111000
1010010010111000
1100101001101101
0001001001000010
0110011010110101
1101100010111110
1000011101001111
0101111000110001
0100110011111110
0100111011001011
0111010110001111
1100010001011010
0011010110111111
0100001110101011
1101000110001110
0100110101110011
0011010101001001
0111011001101110
1001111010000000
1111001001010101
1111111111111100
0010011010110110
0111111001001000
1111110001000100
1100110110111000
0011011001110010
0000110001001100
0111001101011011
1010100011100100
1000110000001101
1101001011011001
0011101111001000
1111110101100110
0001100111001100
1111001111010000
0110011010110001
1010100000110111
1101010010101011
1100000110101001
1000010001011001
0111001001000001
1011100001100101
1100011101011001
1101000011111110
0000111101111010
1101110010101011
0111100100000100
0101111000101111
1110101000010110
0110100101001010
0000001101010100
1110111100000101
0001011000101010
1100111011011100
0110110000011010
1011101000111101
0010100110001011
1100111001110000
0010111101100101
0010111001010001
0111111110011111
0000100010110000
1100000001100111
1111100011001101
0100111010111011
1001011100111000
1100111111100010
1101000010001110
1111011111000010
1100111111110001
0000001100110000
1010110001110000
0000010011101011
0100101110110100
0000110000101101
0011110010110000
0110100011001011
0111011111100110
0010101011011011
1001010100110111
1011000010010001
0000110111010101
0101010101001001
1110110011111100
0111001101010110
0010001001111111
1110000110111011
0111111101110010
1101100000011100
0001000011101001
1110100111101111
0110001111011101
1100111110101111
1101001010110111
1100110001010110
1101011000100001
1101110011000101
0000110111011011
1000101011000001
1100000100000011
1011011010010111
0100110001101011
1101101100101100
1010111011001110
1110001110101001
0110011101100101
0010011100100111
0001100000110110
0111101111001111
1010000111101000
1100000011110101
1110110010001001
0101100110101110
0010111000001111
1110111011111110
1001010110101111
0010100011011101
0110110010011111
1110111110000010
1111011001011100
0001000100110100
0001011001001111
0100100100011100
0100000000001101
0110111000100110
0000000000010000
0000110010011000
0101011111011000
0000110101111010
0111001100101001
1011000101110011
0000000110010100
0001100010110101
0101100011011110
1011000001100101
1111011001100010
0100111100111000
1011010011111011
1101000101100101
0101010001010100
0110100011110110
0001111010000010
0010100011101010
1001011011111000
0011101110000001
1010100011101000
0101000111111101
1100000001110001
1111100110111001
1111101001110000
0010011101101010
0000111001100000
0000001111001011
0000101100110000
1011110011110111
0110110110001111
0101110111100011
1010111110101001
1011010101111010
0011101001001010
0110101010100111
0110100000100110
1100001011011011
1011100010110110
1011000001000011
0110101101110110
0111000001011100
1110110100000111
1000001100000011
0110111100000001
1000100100101101
1110101011110010
0000111000011110
0000111001001101
0001010110110010
1101011101111010
1001001110000011
1010110010101101
0000011110110101
1110110100001001
0111000001101000
0011110100101000
1110100110011101
0011011000010111
0111110101101010
1110100110101101
0011100011001101
1000001111101101
0110111100100101
1101000111010000
1011110010001100
1000000011000110
1010000101101010
0000011111101100
1110011110100110
1011101011101010
1101010000011111
1110101011001101
0110111000110110
1010100000101100
1011010110000011
1000111101111101
0011010100001010
1010011111011101
0011100111001000
1000111011101101
1100010011001010
1011100010111001
0111110010100001
0001010111000000
1100000000101110
1111000010111010
0111101010101101
1111101011100010
1111100101101110
1001010000111101
0001011010110110
0101101111001100
0011111010011011
1101001011110010
0001110101000011
1011001111111111
1010010110100101
1111010000111001
0110101100001011
1001010000111110
1001001101100001
1001010111011001
0000011010010111
1000101111011100
0001001001111001
0011101001001011
1111101100011111
1111111111110110
1100101001100010
1011101010001001
0011011001001011
1010101110001101
0100110000100110
0001111110101011
1001010110001101
1110101100101101
1011010001101101
0011100001101001
0011011110001101
0101000001101001
0100001011001010
1111001000101110
1100000000000110
0010100100111111
1000000111010110
0101000111011000
1100001011111111
1000111011001001
1101000000001101
1110001100100100
0101001001000100
1101100111110010
1011101111010111
1101010101100000
1000000011000000
0111001010001110
0011001110111010
0000000010110110
0101011000011000
0000110110100010
1001010000011100
0010110010010111
1111001000011100
1000011111100111
1010110000111100
0110111010111011
0101010111000010
1111010001010001
1111010110111100
1111000001001000
1011011010010100
1101011101101010
0111001011111001
1110001110100000
1010000110001101
1011001110100010
0110011111000000
0101110101000011
0000101101111000
0001100101010111
0100000110111111
1110010100011100
0110011011101010
0000011001000001
0011110100111111
1101010100111111
1010010001011011
0011011010110101
1111111110111110
1111110111000000
0000101110000011
0000100111011111
0110111000111100
0100101000001100
1000001101111000
0000011101010000
1101110011011100
1011011101101111
0010011010010100
1100110110011110
1101000100101110
1011011100000000
1100011100011011
0111101100111111
0010100000110110
1001000000101111
0000010000110010
0111001011001001
1001010010101110
0001100111011011
1101000001110011
0100101001110001
1010110101110010
0010111110011111
1101001011111011
0001010110110010
1100111110011111
1110110011100000
1010101001111111
1110101100000010
1111000011111000
1000000101000101
1011011101100010
1001101011100101
0111001101000001
1101011111011110
1110010100100110
1110111001101010
1001111101110101
0010101001010111
1001011101010111
1110001111010000
1011110101100101
0010000000101010
0011000010100000
0001100011100110
1100011111110001
0001011001110011
0110101100011011
0101101010000010
1100001011100100
0100111011110010
0100000000111111
0110011010010001
0001010010001100
1011110000011001
1111011101010111
1101011111101111
0011101111100000
1011100100111101
0000110010001101
0101000010110110
0100001110100100
1110010101101010
0001110110111100
1110110001111110
0011001001010100
0011010010100111
0010000110111000
0100010001101010
0101101101100110
0100000100000000
0111101000010010
0011011010111101
1101010110010001
0010011001101101
0010011101011001
0010110010010110
0101101011011000
0110111010101011
0001110100001001
1011000010010001
0110101100011100
0101000001111000
1010100110100001
0011100111010100
0101011100000111
1111010101111001
1001010111011110
1111111110001101
1101110001111100
1001110110010110
1000001001000000
0101001011000001
0101001101101100
1110100110000010
0100000011110000
1101111110110011
1010001101011101
1110101011000100
0010011110001000
1010000010000010
1111100001100010
0111010100111110
1101110000010011
1101110000110000
1100001001110000
1001110000100000
1110011100101111
0011101111100010
1010000000100110
1010010000101011
1000010100101110
1100001110001001
0100110110010001
1101010110011001
1100111011100000
1100100100101110
1101101001100100
1111001110101101
1010010000011011
1011000100001100
0011010110001110
0100101001011011
0100101011000100
0010101000001001
1110001100101110
0111110010100001
0000111010011100
1011100111011111
1101011100111101
1001000111110110
0100011110101001
1010010011010100
1101000000101000
0000010001101110
0100101010101010
0000001101000111
1100111010000000
0100010110000100
0111000100100100
1011110101100100
1111011000010011
0000010011101000
1010010110101010
1101100101010011
0100100111010000
0001010111111101
0011101111111110
0101100000100001
0000101101101101
1100010101001000
1001010101110101
0011110110000011
0010111101100101
0111100101110010
1111011101101100
0111110010010001
1101011011001010
1111011011001000
1010111101100001
0101101001101000
1100011010100110
1000100101110110
0000111110000101
1111010010010110
1000100011100000
1110001011101010
0101001101001000
0010111000011100
0110110101000010
0010110001100110
0011011100110111
1111111011111011
1101010010011110
1111101101010110
1100011011000100
1110010011000010
1010111010001101
1000110011111111
0010110110011011
1001100100110010
1000111000001010
0111100010110111
1100010011001101
1011101110001010
1001001111100110
1101110010101110
0000111001111000
1001110110100001
1010010111111101
1011110101010100
0001010001001100
0100001111110000
1111100011111010
0000011010110011
0010010100001011
0100110011111101
1111111111101100
0100011101101100
1100100000111101
1100110010001110
0111010000101011
1011001010000000
1110011000110111
0010010010001110
0010110101111111
0100010000111001
1110110010101001
0111111000011110
0100100001100010
0001111101001010
1000000001000001
1100110100100101
1011000101111110
1001011000001011
0000100101111100
0110111011000111
1000110100010000
0001110010100101
1101010101110101
0000010001000101
1110011011011110
1100101001011001
0000101000101000
1101000001000101
0010011110100011
0001101110101001
1101001100100000
0011000001010110
1100110110110110
1100000110001010
1101101101011101
0000100001011010
1001011001000010
0110000010100101
0100111000110000
0101100111111110
1001100011110100
1100101010100000
0101011100000101
1000111111111101
0100011000111010
1001010000101001
0011111000110110
0101001100101000
0101111110000110
1001010101111101
1010110000010011
0101000101101101
1101111011011110
1101110000111000
0100100001111000
1101010110111000
0110010101110001
1110111100111110
1101110010010011
1111110100111011
1001111110010110
0010001001011001
1001000111010111
1111100001011100
0001010001010010
0001001000100101
1100100010010111
0000011101100010
1111010001010011
1011001010100001
0111101011100001
1111100000110010
1110110111101010
0000011110011001
0100110111111101
1110111010110000
0011011011001110
0101110000011000
1000101011001011
0001000110100010
0001001011001000
0111010011001101
1001000101110101
1100100000110100
0100011001001110
0001110110111101
1100010000010111
0101010001111011
0101000000101100
0111100111100111
1011101000100101
0010001100100111
0010101011000000
1110000100000010
1011101010001000
1001110110011011
1111000110110001
1110001000111100
0001101101000010
0100011010001010
1110011110011101
1111110110000111
0110111110001100
0011010001010101
1011010001101011
1000100000010110
1000001010101111
0110010011010000
1011000110110110
0110010010001101
0110100001101010
0101001111010111
1000010111001111
0011110101110110
1011101010100000
1111011011010011
0011111100001110
1101101010101100
1110011001110110
1111010011010001
1111101010101010
0000101000010110
1110010001101101
1000100101101001
1010100111111001
1101000100001101
0101111100010111
0111010000000100
0110010010110100
1000100100011101
1111110011100111
0000011001110100
0000011010101100
1100011110001001
0100001001100010
0111101100100111
0011110111101000
1100001011100100
0110100101110111
0011100101110101
0000110111101110
1011101101101100
0010111000001001
1100010010001100
1001110111101100
1000110000000110
0100110010101101
0110001001001000
0100000100100100
1101010010100011
1010101101101010
0111001100111110
1001011010011001
1110000100010010
1111111111000010
0100011000011000
1110011011111000
0100110100101000
0010111001010001
0011001001110101
1001100110001101
0111111000110101
1100101010011011
0110000101111101
1000111110110000
0010001110111101
1100010101000000
1000111111111110
0110000101100000
1110110111001010
1011100000111001
1001101100011010
0100101101001111
1110010001101011
0011100111110101
0101101111010000
1001010010011011
0000100101001011
0000011111011100
0010010111101010
1010001110000111
1010001101110011
0101100110011001
0010110001100001
0101100111110000
1110000010010100
0000111101001001
1011011111010101
1101010110000111
0110100110100010
1111011111000000
0010010001001101
0010100101000011
0000000101010101
0110110110101111
0001111000000101
0111001000100110
1001001101000110
1000010011111100
0101010000000011
0001101000011111
0010010101010010
1110101000110011
0011101000101111
0001011111011111
1010010110110001
1000011001011111
0000101100001101
1101111000101110
1111011110111110
0011100101011100
1001100011111100
0100110011011011
0010001111111010
0010110001110101
1001000111110001
1110111101001110
0001110101101000
0010011010010110
0001000111010000
0100001001011111
1011010110011110
1001101100111110
1000110001000110
1001101010101010
0011000001110011
0111100111110101
1000111001010000
1101001011100011
0110000000110111
1101001000011101
1110010001010001
0001011000011010
1000111110010001
0011010110101001
0101101001110110
0011000110001100
0110001110101110
1001011001010011
1101101011100101
0100011101101000
0111101000101011
0000001011010001
0101100111000110
1101000111111010
0000101101100100
0101101010000101
0000111101101010
1100000111011100
0111100011101011
1010100101101010
0111010000010111
1001101010011011
1000000111001110
0001011100000110
1001110101011001
1111010111100011
0010110010111000
0111011111011111
0111110101011111
0110010000011010
1011000110111011
1001011010000100
1010001111100101
1111111001101000
1011110010110100
1100011010111001
1101110100101110
1001101111110001
0000001101000000
1101001011011100
1110101101000101
1000001011101100
0000111011100000
0110100101101100
1100110011110100
0000110101110000
1111001110010101
0001001011000000
1110010011010011
0101111001000011
1000100111001000
0011010000111000
1000111100110100
0110100100000001
1000010010000101
1001001110010110
0011001001010001
1110000010111101
1010111101001011
1110000001110000
1111011110001111
0110100101110101
1110100111000011
0101001101100010
0011111000110000
0110110000000101
1000111101110111
0011101111011111
1101000111010100
0100001111111001
0110110010100111
1110110010111011
0011011001010011
1011111111111111
1101100010010010
0111110000000101
1001000100001010
0001011111110101
1101011010100010
1001000110101010
0110100110101011
1101100111000000
0101110000000110
0101110110010001
0100111010000011
1000101100000001
0001011110001001
0010001000010011
1101101011000010
0011000010001111
0001001100100001
1001010010001010
1010010110111001
1001010010110111
0100110100111000
1101101111100011
1100111100100101
1101001000011111
0111101010011100
0100011111000001
0110010101100110
1000001001101110
1111010111100010
1101100111000111
1010001111000010
0000010111110101
0001111000101111
1101011111100010
1011100001111000
0111100011000110
1101101010010100
0111011000111000
1100111000001100
1111000001111011
1001101010110101
0110101010110101
1110011001111010
1000110010100011
0110000110101010
1100001100111011
0000011000001000
0100001001001100
1000011010011001
1011001110100100
1010100001111101
0000000110000100
1011110000100011
0011010100000000
0111100100111000
1001100001101111
1110101101001011
1000111111101011
0101000010011100
1011110011111001
1000000011010110
0101110000101101
1010110110000010
0011110001111011
1000001111010000
0011001010100011
0111101000000101
1010110100100000
0111000010011011
1011001100110110
0011110010011010
1111010101111101
1111011110101011
0001100010010001
0001000011010110
1101010111011011
0100100001111001
0111011011111011
0111001010011010
1000101111000001
1111000110110001
0111101101111001
0100111010001110
0110011001001000
1011100000010100
1001001111110101
0100110111001110
0101100111010111
1011011111001000
1001100110101100
1010000011111101
1000011000001001
0000101011100011
1101100001110110
0000001011100110
1011010101000000
0000100011100111
0110001101101100
0110101110110011
0100100111011101
0010101000110011
0000101011010110
1010100001111111
1010111100100111
1110001000101000
0000100100101000
0101100110111111
1001010000100001
0010011100101010
0000011010101011
1010000000001110
1001000010100100
1001101101100110